0 0.173945 0.354805 0.220859 0.432969 0.299023 0.471172 0.351133 0.436445 0.417148 0.384336 0.337227 0.292227 0.267734 0.311367 0.212148 0.314844
0 0.226055 0.214062 0.236484 0.231445 0.266016 0.247070 0.260781 0.208867
0 0.297266 0.200156 0.300742 0.245352 0.318125 0.254023 0.321602 0.196680
0 0.438008 0.653594 0.545703 0.625820 0.665586 0.662266 0.837578 0.752617 0.835820 0.773477 0.769805 0.743945 0.780234 0.808203 0.754180 0.809961 0.743750 0.773477 0.705547 0.759570 0.653438 0.709180 0.571758 0.707461 0.576992 0.723086 0.615195 0.736992 0.648203 0.797773
0 0.702070 0.837734 0.698594 0.872500 0.721172 0.848164
0 0.665586 0.882930 0.693398 0.945469 0.703789 0.910703
0 0.594375 0.490273 0.630820 0.556328 0.702070 0.535469
0 0.729883 0.577148 0.616953 0.624062 0.646484 0.639687 0.764609 0.610156
0 0.787188 0.467695 0.799375 0.525039 0.854961 0.511133 0.823672 0.472930
0 0.545703 0.267930 0.568281 0.292227 0.606523 0.243594
0 0.462305 0.179336 0.460586 0.238398 0.495312 0.205391
0 0.081875 0.024688 0.085352 0.083750 0.031484 0.083750
0 0.040156 0.172383 0.054062 0.217539 0.109648 0.224492 0.102695 0.194961
